_C_2253_58a28f71_2 94 0 20 0 0 7d 
_C_26a5_58a295c1_4 94 0 20 0 0 7f 
_C_2060_58a0307c_2 94 0 20 0 0 79 
_C_3b63_589d30dc_2 84 0 8 0 0 9f 
_C_149c_58a02a14_2 8c 0 160 0 0 636b6572 0 20717569 0 74696f6e 0 74757261 0 78207361 0 6f206d61 0 65742074 0 746f2067 0 32343920 0 72636520 0 909466f 
_C_9d2_58a025b8_2 8c 0 168 0 0 636b6572 0 20717569 0 74696f6e 0 74757261 0 78207361 0 6f206d61 0 65742074 0 746f2067 0 32343920 0 72636520 0 909466f 0 9 
_C_149c_58a02a14_3 8c 0 150 0 0 636b6572 0 20717569 0 74696f6e 0 74757261 0 6e207361 0 6f206d69 0 65742074 0 746f2067 0 65203520 0 466f7263 0 909 
_C_9d2_58a025b8_3 8c 0 158 0 0 636b6572 0 20717569 0 74696f6e 0 74757261 0 6e207361 0 6f206d69 0 65742074 0 746f2067 0 65203520 0 466f7263 0 90909 
_C_2b69_58a296f0_2 8c 0 148 0 0 636b6572 0 20717569 0 74696f6e 0 74757261 0 29207361 0 28253064 0 6d617820 0 20746f20 0 20676574 0 7320746f 0 25 
_C_145_589d34d3_2 8c 0 148 0 0 636b6572 0 20717569 0 74696f6e 0 74757261 0 6f207361 0 65742074 0 746f2067 0 32343920 0 72636520 0 909466f 0 9 
_C_26a5_58a295c1_2 8c 0 38 0 0 6f726365 0 90946 
_C_248e_58a294fd_3 94 0 20 0 0 80 
_C_513d_589d33c8_3 8c 0 148 0 0 3d202562 0 545f4e20 0 62205253 0 203d2025 0 6220454e 0 203d2025 0 20444952 0 3d202564 0 554e5420 0 6420434f 0 25 
_C_2060_58a0307c_3 84 0 7 0 0 79 
_C_248e_58a294fd_2 8c 0 180 0 0 636b6572 0 20717569 0 74696f6e 0 74757261 0 29207361 0 20282564 0 206d6178 0 7420746f 0 6f206765 0 25642074 0 72636520 0 909466f 
_C_2253_58a28f71_3 84 0 7 0 0 7d 
_C_2e20_589d3330_2 8c 0 190 0 0 3d202562 0 545f4e20 0 62205253 0 203d2025 0 20434c4b 0 3d202562 0 20454e20 0 3d202562 0 44495220 0 20256420 0 4e54203d 0 20434f55 0 2564 
_C_5cb2_589d0e15_3 8c 0 190 0 0 3d202562 0 545f4e20 0 62205253 0 203d2025 0 20434c4b 0 3d202562 0 20454e20 0 3d202562 0 44495220 0 20256220 0 4e54203d 0 20434f55 0 2564 
_C_19c9_58a02d42_3 94 0 20 0 0 fb 
_C_26a5_58a295c1_3 8c 0 140 0 0 636b6572 0 20717569 0 74696f6e 0 74757261 0 29207361 0 20282564 0 206d6178 0 7420746f 0 6f206765 0 25642074 
_C_69d8_589d346b_2 8c 0 58 0 0 3234390a 0 72636520 0 9466f 
_C_1da0_58a02f7f_3 8c 0 150 0 0 636b6572 0 20717569 0 74696f6e 0 74757261 0 6e207361 0 6f206d69 0 65742074 0 746f2067 0 65203320 0 466f7263 0 909 
_C_6856_589d343b_2 8c 0 48 0 0 20323439 0 6f726365 0 46 
_C_258c_589d3310_2 84 0 8 0 0 f9 
_C_19c9_58a02d42_4 84 0 8 0 0 fb 
_C_513d_589d33c8_2 84 0 8 0 0 f0 
_C_145_589d34d3_3 8c 0 138 0 0 636b6572 0 20717569 0 74696f6e 0 74757261 0 6f207361 0 65742074 0 746f2067 0 65203520 0 466f7263 0 90909 
_C_2060_58a0307c_4 84 0 7 0 0 3 
_C_1da0_58a02f7f_5 84 0 4 0 0 3 
_C_1f29_58a03044_3 84 0 2 0 0 2 
_C_1f29_58a03044_4 84 0 2 0 0 3 
_C_258c_589d3310_3 84 0 8 0 0 5 
_C_2c93_58a29705_2 8c 0 150 0 0 636b6572 0 20717569 0 74696f6e 0 74757261 0 29207361 0 28253064 0 6d617820 0 20746f20 0 20676574 0 6420746f 0 2530 
_C_1da0_58a02f7f_4 84 0 4 0 0 b 
_C_1c69_58a02f05_2 84 0 8 0 0 3 
_C_1b0b_58a02de4_2 8c 0 190 0 0 3d202562 0 545f4e20 0 62205253 0 203d2025 0 6220454e 0 203d2025 0 20444952 0 3d202562 0 434c4b20 0 20256420 0 4e54203d 0 20434f55 0 2564 
_C_7535_589d3499_2 8c 0 60 0 0 20323439 0 6f726365 0 9090946 
_C_65bd_589d13e8_2 84 0 8 0 0 2f 
_C_19c9_58a02d42_2 8c 0 158 0 0 636b6572 0 20717569 0 74696f6e 0 74757261 0 78207361 0 6f206d61 0 65742074 0 746f2067 0 20256420 0 6f726365 0 90946 
_C_6962_589d149d_2 84 0 8 0 0 3f 
_C_1f29_58a03044_2 94 0 20 0 0 2 
_C_2a2a_58a2964e_2 94 0 20 0 0 3 
_C_5cb2_589d0e15_2 84 0 9 0 0 1f0 
_C_1da0_58a02f7f_2 94 0 20 0 0 b 
